   itime=     500
     npp=    3316
      ne=   10000
      ni=   10000
  npbeam=       0
geometry=       7
  scheme=       5
      xl=     2.00000
      yl=     2.00000
      zl=     2.00000
 boxsize=     2.00000
     eps=     0.30000
   theta=     0.50000
tlaser =      0.00000
   trun=     49.99981
   omega=     0.50000
  lambda=     1.00000
      Qs=     0.00625

