   itime=      50
     npp=     450
      ne=    2000
      ni=    2000
  npbeam=       0
geometry=       3
  scheme=       1
      xl=     1.00000
      yl=     1.00000
      zl=     8.00000
 boxsize=     8.00000
     eps=     3.00000
   theta=     0.60000
tlaser =     10.00000
   trun=     10.00000
   omega=     0.50000
  lambda=     1.00000
      Qs=     0.14137

