   itime=     400
     npp=     250
      ne=     500
      ni=     500
  npbeam=       0
geometry=       6
  scheme=       1
      xl=     2.00000
      yl=     2.00000
      zl=     2.00000
 boxsize=     2.00000
     eps=     2.50000
   theta=     0.50000
tlaser =      0.00000
   trun=    200.00000
   omega=     0.50000
  lambda=     1.00000
      Qs=     0.00419

