   itime=     200
     npp=   26092
      ne=  100000
      ni=  100000
  npbeam=       0
  config=       2
ensemble=       4
      xl=    55.00000
      yl=    15.00000
      zl=    15.00000
 boxsize=    15.00000
     eps=     3.00000
   theta=     0.50000
 tlaser=      0.00000
   omega=     5.00000
  lambda=     1.00000
      Qs=     0.07697

