   itime=     0
     npp=  640000
      ne=  320000
      ni=  320000
  npbeam=       0
  config=       2
ensemble=       4
      xl=    45.00000
      yl=    20.00000
      zl=    20.00000
 boxsize=    20.00000
     eps=     3.00000
   theta=     0.90000
 tlaser=      0.00000
   omega=     5.00000
  lambda=     1.00000
      Qs=     0.01924

