   itime=       0
     npp=  100000
      ne=   50000
      ni=   50000
  npbeam=       0
  config=       2
ensemble=       1
      xl=    30.00000
      yl=    14.00000
      zl=    14.00000
 boxsize=    14.00000
     eps=     3.00000
   theta=     0.70000
tlaser =      0.00000

